1851	2	1	3	1	5	2
1852	3	1	5	1	7	2
1853	1	0	4	2	6	3
1854	3	1	3	1	5	2
1855	1	1	4	1	6	2
1856	1	0	4	2	6	3
1857	1	0	3	0	5	1
1858	1	0	6	0	8	1
1859	2	0	7	1	9	2
1860	3	1	6	1	8	2
1861	2	0	6	0	9	1
1862	0	0	3	0	6	1
1863	0	0	5	0	8	1
1864	0	0	3	0	6	1
1865	2	0	3	0	6	1
1866	1	0	6	1	9	2
1867	2	0	7	1	10	2
1868	0	0	4	0	7	1
1869	4	1	7	1	10	2
1870	3	0	10	2	13	3
1871	3	1	6	2	9	3
1872	0	0	4	0	7	1
1873	2	1	3	2	6	3
1874	1	0	4	0	7	1
1875	1	1	5	1	7	2
1876	2	0	4	2	7	3
1877	2	1	3	1	6	2
1878	2	0	10	2	13	3
1879	3	2	6	2	9	3
1880	4	1	9	2	11	3
1881	2	0	4	0	6	1
1882	2	1	4	2	6	3
1883	1	0	4	2	7	3
1884	0	0	4	1	6	2
1885	1	0	6	0	8	1
1886	7	2	10	4	12	5
1887	4	0	12	2	14	3
1888	3	1	6	2	8	3
1889	1	0	6	0	8	1
1890	0	0	2	1	4	2
1891	2	0	7	1	9	2
1892	0	0	5	0	7	1
1893	5	3	10	5	12	6
1894	2	1	5	4	7	5
1895	1	0	2	0	4	1
1896	3	1	6	2	8	3
1897	1	0	3	0	5	1
1898	3	1	5	1	7	2
1899	3	1	5	2	7	3
1900	1	1	3	2	5	3
1901	2	0	6	0	8	1
1902	0	0	3	0	5	1
1903	2	0	7	1	9	2
1904	2	0	4	0	6	1
1905	0	0	1	1	2	2
1906	4	1	6	3	8	4
1907	0	0	0	0	1	1
1908	1	0	6	1	7	2
1909	5	3	6	4	7	5
1910	2	0	3	1	4	2
1911	2	0	3	0	4	1
1912	2	0	4	1	5	2
1913	3	0	4	0	5	1
1914	0	0	0	0	1	1
1915	4	2	5	3	6	4
1916	4	2	10	5	12	6
1917	1	1	2	2	4	3
1918	2	1	4	1	6	2
1919	1	1	2	1	3	2
1920	1	0	4	0	5	1
1921	2	1	6	2	7	3
1922	0	0	3	1	4	2
1923	1	0	4	1	5	2
1924	3	0	6	2	7	3
1925	0	0	2	0	3	1
1926	4	2	8	6	9	7
1927	0	0	4	1	5	2
1928	2	1	4	1	5	2
1929	2	1	3	1	4	2
1930	0	0	2	2	3	3
1931	0	0	3	1	4	2
1932	2	1	7	4	8	5
1933	5	2	12	6	13	7
1934	3	0	7	1	8	2
1935	2	1	5	3	6	4
1936	3	0	7	1	8	2
1937	0	0	5	1	6	2
1938	2	1	4	2	4	3
1939	1	0	3	1	4	2
1940	2	0	7	0	8	1
1941	2	1	4	3	5	4
1942	2	1	4	1	6	2
1943	1	0	5	2	7	3
1944	3	1	8	3	9	4
1945	3	2	5	2	7	3
1946	1	0	4	0	6	1
1947	3	1	5	2	6	3
1948	3	1	6	4	7	5
1949	3	1	8	2	9	3
1950	3	2	11	6	12	7
1951	0	0	8	3	9	4
1952	1	0	5	2	5	3
1953	3	0	7	3	7	4
1954	3	2	7	3	7	4
1955	2	0	9	4	9	5
1956	1	0	4	1	4	1
1957	1	1	4	2	4	2
1958	1	1	7	3	7	3
1959	3	1	7	2	7	2
1960	2	1	4	2	4	2
1961	1	1	9	5	9	5
1962	0	0	4	0	4	0
1963	0	0	7	3	7	3
1964	4	1	7	5	7	5
1965	1	1	4	1	4	1
1966	2	1	7	3	7	3
1967	1	1	6	1	6	1
1968	1	0	5	0	5	0
1969	2	1	12	5	12	5
1970	1	1	5	2	5	2
1971	3	0	6	1	6	1
1972	1	0	3	0	3	0
1973	0	0	4	1	4	1
1974	1	1	4	2	4	2
1975	1	1	6	3	6	3
1976	1	0	6	2	6	2
1977	1	0	5	1	5	1
1978	0	0	5	2	5	2
1979	3	1	6	2	6	2
1980	1	1	9	2	9	2
1981	0	0	7	3	7	3
1982	0	0	2	1	2	1
1983	1	1	3	1	3	1
1984	1	1	5	1	5	1
1985	6	2	7	3	7	3
1986	2	0	4	0	4	0
1987	1	0	3	1	3	1
1988	1	0	6	3	6	3
1989	3	1	7	2	7	2
1990	0	0	8	1	8	1
1991	1	0	4	2	4	2
1992	1	1	4	1	4	1
1993	1	1	4	1	4	1
1994	0	0	3	0	3	0
1995	2	1	11	5	11	5
1996	2	1	9	6	9	6
1997	1	0	3	1	3	1
1998	3	0	10	3	10	3
1999	3	1	8	5	8	5
2000	0	0	8	3	8	3
2001	0	0	9	4	9	4
2002	1	0	4	2	4	2
2003	2	0	7	3	7	3
2004	6	3	9	6	9	6
2005	6	4	15	7	15	7
2006	0	0	5	2	5	2
2007	1	0	7	2	7	2
2008	3	0	9	5	9	5
2009	0	0	3	2	3	2
2010	0	0	12	5	12	5
2011	1	0	7	4	7	4
2012	2	0	10	2	10	2
2013	0	0	2	0	2	0
2014	1	0	6	2	6	2
2015	0	0	4	2	4	2
2016	2	0	7	4	7	4
2017	3	2	10	6	10	6
2018	2	1	8	2	8	2
2019	2	0	7	3	7	3
