1980	1	1	9	2	9	2
1981	0	0	7	3	7	3
1982	0	0	2	1	2	1
1983	1	1	3	1	3	1
1984	1	1	5	1	5	1
1985	6	2	7	3	7	3
1986	2	0	4	0	4	0
1987	1	0	3	1	3	1
1988	1	0	6	3	6	3
1989	3	1	7	2	7	2
1990	0	0	8	1	8	1
1991	1	0	4	2	4	2
1992	1	1	4	1	4	1
1993	1	1	4	1	4	1
1994	0	0	3	0	3	0
1995	2	1	11	5	11	5
1996	2	1	9	6	9	6
1997	1	0	3	1	3	1
1998	3	0	10	3	10	3
1999	3	1	8	5	8	5
2000	0	0	8	3	8	3
2001	0	0	9	4	9	4
2002	1	0	4	2	4	2
2003	2	0	7	3	7	3
2004	6	3	9	6	9	6
2005	6	4	15	7	15	7
2006	0	0	5	2	5	2
2007	1	0	7	2	7	2
2008	3	0	9	5	9	5
2009	0	0	3	2	3	2
2010	0	0	12	5	12	5
2011	1	0	7	4	7	4
2012	2	0	10	2	10	2
2013	0	0	2	0	2	0
2014	1	0	6	2	6	2
2015	0	0	4	2	4	2
2016	2	0	7	4	7	4
2017	3	2	10	6	10	6
2018	2	1	8	2	8	2
2019	2	0	7	3	7	3
